38
39
42
109
160
282
298
306
312
343
346
348
379
388
490
523
529
580
604
621
635
636
639
694
733
738
747
769
775
787
808
816
893
915
980
990
1097
1100
1112
1177
1194
1195
1220
1234
1255
1286
1292
1301
1302
1307
1308
1332
1365
1382
1393
1407
1421
1430
1432
1433
1470
1494
1519
1521
1547
1549
1552
1569
1582
1590
1592
1620
1625
1633
1643
1645
1650
1658
1659
1669
1678
1682
1683
1684
1700
1701
1703
1704
1709
1714
1930
1963
1966
1982
2020
2025
2026
2035
2042
2047
2049
2051
2065
2098
2101
2138
2157
2228
2231
2232
2238
2296
2297
2298
2299
2383
2409
2424
2464
2465
2485
2507
2519
2522
2538
2549
2552
2589
2594
2610
2626
2695
2698
2700
2724
2742
2755
2761
2784
2844
2855
2893
2897
2898
2912
2937
2941
2947
2972
